Element			Symbol	Order#	R	C	Atomic Weight	Density		Atomic Diameter	Terr.Abund.	Coef.of Resis.
--------------------------------------------------------------------------------------------------------------
Actinium        Ac      89      9   3   227.0           -999.0      -999.0          3.0E-10     -999.0
Aluminum        Al      13      3   13  26.98           2.7         2.82            81300.0     2.828
Americium       Am      95      10  9   243.0           -999.0      -999.0          -999.0      -999.0
Antimony        Sb      51      5   15  121.76          6.62        3.228           1.0         39.1
Argon           A       18      3   18  39.944          1.65        3.82            0.04        -999.0
Arsenic         As      33      4   15  74.91           5.73        2.5             5.0         35.0
Astatine        At      85      8   17  210.0           -999.0      -999.0          -999.0      -999.0
Barium          Ba      56      6   2   137.36          3.5         4.48            250.0       60.0
Berkelium       Bk      97      10  11  245.0           -999.0      -999.0          -999.0      -999.0
Beryllium       Be      4       2   2   9.013           1.85        2.25            6.0         10.1
Bismuth         Bi      83      8   15  209.0           9.86        3.64            0.2         119.0
Boron           B       5       2   13  10.82           2.535       -999.0          3.0         -999.0
Bromine         Br      35      4   17  79.916          4.2         2.26            1.62        -999.0
Cadmium         Cd      48      5   12  112.41          8.65        3.042           0.15        7.54
Calcium         Ca      20      4   2   40.08           1.55        3.93            36300.0     4.59
Californium     Cf      98      10  12  246.0           -999.0      -999.0          -999.0      -999.0
Carbon          C       6       2   14  12.011          3.52        1.54            320.0       -999.0
Cerium          Ce      58      7   4   140.13          6.73        3.64            46.1        -999.0
Cesium          Cs      55      6   1   132.91          1.873       5.4             7.0         19.0
Chlorine        Cl      17      3   17  35.457          2.2         1.94            314.0       -999.0
Chromium        Cr      24      4   6   52.01           7.14        2.57            200.0       2.6
Cobalt          Co      27      4   9   58.94           8.71        2.5             23.0        9.7
Copper          Cu      29      4   11  63.54           8.933       2.551           70.0        1.692
Curium          Cm      96      10  10  243.0           -999.0      -999.0          -999.0      -999.0
Dyprosium       Dy      66      7   12  162.46          -999.0      3.54            4.47        -999.0
Einsteinium     E       99      10  13  -999.0          -999.0      -999.0          -999.0      -999.0
Erbium          Er      68      7   14  167.2           4.77        3.5             2.47        -999.0
Europium        Eu      63      7   9   152.0           -999.0      4.08            1.06        -999.0
Fermium         Fm      100     10  14  -999.0          -999.0      -999.0          -999.0      -999.0
Fluorine        F       9       2   17  19.0            1.5         1.36            900.0       -999.0
Francium        Fr      87      9   1   223.0           -999.0      -999.0          -999.0      -999.0
Gadolinium      Gd      64      7   10  156.9           -999.0      3.59            6.36        -999.0
Gallium         Ga      31      4   13  69.72           5.93        2.7             15.0        53.0
Germanium       Ge      32      4   14  72.6            5.46        2.788           7.0         -999.0
Gold            Au      79      8   11  197.0           18.88       2.878           0.005       2.44
Hafnium         Hf      72      8   4   178.6           11.3        3.17            4.5         32.1
Helium          He      2       1   18  4.003           0.19        -999.0          0.003       -999.0
Holmium         Ho      67      7   13  164.94          -999.0      3.52            1.15        -999.0
Hydrogen        H       1       1   1   1.008           0.763       3.0             1300.0      -999.0
Indium          In      49      5   13  114.76          7.28        3.14            0.1         8.37
Iodine          I       53      5   17  126.91          4.94        2.7             0.3         -999.0
Iridium         Ir      77      8   9   192.2           22.42       2.709           0.001       6.1
Iron            Fe      26      4   8   55.85           7.86        2.52            50000.0     8.85
Krypton         Kr      36      4   18  83.8            3.4         4.0             9.8E-6      -999.0
Lanthanum       La      57      6   3   138.92          6.15        3.741           18.3        57.6
Lead            Pb      82      8   14  207.21          11.48       3.49            16.0        19.8
Lithium         Li      3       1   2   6.94            0.534       3.13            65.0        8.55
Lutetium        Lu      71      7   17  174.99          -999.0      3.47            0.75        -999.0
Magnesium       Mg      12      3   2   24.32           1.74        3.2             20900.0     4.35
Manganese       Mn      25      4   7   54.94           7.3         2.5             1000.0      -999.0
Mendelevium     Mv      101     10  15  -999.0          -999.0      -999.0          -999.0      -999.0
Mercury         Hg      80      8   12  200.61          14.193      3.1             0.5         95.783
Molybdenum      Mo      42      5   6   95.95           9.01        2.8             15.0        5.14
Neodymium       Nd      60      7   6   144.27          7.0         3.63            23.9        -999.0
Neon            Ne      10      2   18  20.183          1.204       3.2             7.0E-5      -999.0
Neptunium       Np      93      10  7   237.0           -999.0      -999.0          -999.0      -999.0
Nickel          Ni      28      4   10  58.69           8.8         2.49            80.0        7.236
Niobium         Nb      41      5   5   92.91           -999.0      2.94            24.0        21.0
Nitrogen        N       7       2   15  14.008          1.14        1.06            46.3        -999.0
Osmium          Os      76      8   8   190.2           22.5        2.7             0.005       9.5
Oxygen          O       8       2   16  16.0            1.568       -999.0          466000.0    -999.0
Palladium       Pd      46      5   10  106.7           12.16       2.745           0.01        10.21
Phosphorus      P       15      3   15  30.975          1.83        2.16            1180.0      -999.0
Platinum        Pt      78      8   10  195.23          21.27       2.769           0.005       9.83
Plutonium       Pu      94      10  8   242.0           -999.0      -999.0          -999.0      -999.0
Polonium        Po      84      8   16  210.0           -999.0      -999.0          3.0E-10     -999.0
Potassium       K       19      4   1   39.1            0.87        4.76            25900.0     6.1
Praesodymium    Pr      59      7   5   140.92          6.48        3.65            5.53        -999.0
Promethium      Pm      61      7   7   145.0           -999.0      -999.0          -999.0      -999.0
Protactinium    Pa      91      10  5   231.0           -999.0      -999.0          8.0E-7      -999.0
Radium          Ra      88      9   2   226.05          5.0         -999.0          1.3E-5      -999.0
Radon           Rn      86      8   18  222.0           -999.0      -999.0          -999.0      -999.0
Rhenium         Re      75      8   7   186.31          20.53       2.75            0.001       18.9
Rhodium         Rh      45      5   9   102.91          12.44       2.7             0.001       5.11
Rubidium        Rb      37      5   1   85.48           1.53        5.02            310.0       11.6
Ruthenium       Ru      44      5   8   101.1           12.1        2.67            0.004       7.64
Samarium        Sm      62      7   8   150.43          7.75        -999.0          6.47        -999.0
Scandium        Sc      21      4   3   44.96           3.02        3.2             5.0         -999.0
Selenium        Se      34      4   16  78.96           4.82        2.32            0.09        -999.0
Silicon         Si      14      3   14  28.09           2.42        2.34            277200.0    -999.0
Silver          Ag      47      5   11  107.88          10.492      2.883           0.1         1.468
Sodium          Na      11      3   1   22.991          0.9712      3.83            28300.0     -999.0
Strontium       Sr      38      5   2   87.63           2.6         4.29            300.0       24.8
Sulfur          S       16      3   16  32.066          2.07        2.12            520.0       -999.0
Tantalium       Ta      73      8   5   180.95          16.6        2.94            2.1         15.5
Technetium      Tc      43      5   7   99.0            -999.0      -999.0          -999.0      -999.0
Tellurium       Te      52      5   16  127.61          6.25        2.9             0.002       -999.0
Terbium         Tb      65      7   11  158.93          -999.0      3.54            0.91        -999.0
Thallium        Tl      81      8   13  204.39          11.86       3.42            3.0         17.6
Thorium         Th      90      10  4   232.05          -999.0      -999.0          11.5        18.0
Thulium         Tm      69      7   15  168.94          -999.0      3.48            0.2         -999.0
Tin             Sn      50      5   14  118.7           7.29        3.164           40.0        11.5
Titanium        Ti      22      4   4   47.9            4.5         2.93            4400.0      55.0
Uranium         U       92      10  6   238.07          18.7        -999.0          4.0         29.0
Vanadium        V       23      4   5   50.95           5.87        2.71            150.0       58.5
Wolfram         W       74      8   6   183.92          -999.0      2.82            69.0        -999.0
Xenon           Xe      54      5   18  131.3           -999.0      4.4             1.2E-6      -999.0
Ytterbium       Yb      70      7   16  173.04          -999.0      3.87            2.66        -999.0
Yttrium         Y       39      5   3   88.92           3.8         3.62            28.1        -999.0
Zinc            Zn      30      4   12  65.38           4.32        2.748           132.0       5.75
Zirconium       Zr      40      5   4   91.22           6.44        3.19            220.0       41.0
